Windows Registry Editor Version 5.00

[.\Objects]

[.\Objects\{0ce4991b-e6b3-4b16-b23c-5e0d9250e5d9}]

[.\Objects\{0ce4991b-e6b3-4b16-b23c-5e0d9250e5d9}\Description]
"Type"=dword:20100000

[.\Objects\{0ce4991b-e6b3-4b16-b23c-5e0d9250e5d9}\Elements]

[.\Objects\{0ce4991b-e6b3-4b16-b23c-5e0d9250e5d9}\Elements\16000020]
"Element"=hex:00

[.\Objects\{1afa9c49-16ab-4a5c-901b-212802da9460}]

[.\Objects\{1afa9c49-16ab-4a5c-901b-212802da9460}\Description]
"Type"=dword:20200004

[.\Objects\{1afa9c49-16ab-4a5c-901b-212802da9460}\Elements]

[.\Objects\{1afa9c49-16ab-4a5c-901b-212802da9460}\Elements\14000006]
"Element"=hex(7):7b,00,37,00,65,00,61,00,32,00,65,00,31,00,61,00,63,00,2d,00,\
  32,00,65,00,36,00,31,00,2d,00,34,00,37,00,32,00,38,00,2d,00,61,00,61,00,61,\
  00,33,00,2d,00,38,00,39,00,36,00,64,00,39,00,64,00,30,00,61,00,39,00,66,00,\
  30,00,65,00,7d,00,00,00,00,00

[.\Objects\{4636856e-540f-4170-a130-a84776f4c654}]

[.\Objects\{4636856e-540f-4170-a130-a84776f4c654}\Description]
"Type"=dword:20100000

[.\Objects\{4636856e-540f-4170-a130-a84776f4c654}\Elements]

[.\Objects\{4636856e-540f-4170-a130-a84776f4c654}\Elements\15000011]
"Element"=hex:04,00,00,00,00,00,00,00

[.\Objects\{5189b25c-5558-4bf2-bca4-289b11bd29e2}]

[.\Objects\{5189b25c-5558-4bf2-bca4-289b11bd29e2}\Description]
"Type"=dword:20100000

[.\Objects\{5189b25c-5558-4bf2-bca4-289b11bd29e2}\Elements]

[.\Objects\{6efb52bf-1766-41db-a6b3-0ee5eff72bd7}]

[.\Objects\{6efb52bf-1766-41db-a6b3-0ee5eff72bd7}\Description]
"Type"=dword:20200003

[.\Objects\{6efb52bf-1766-41db-a6b3-0ee5eff72bd7}\Elements]

[.\Objects\{6efb52bf-1766-41db-a6b3-0ee5eff72bd7}\Elements\14000006]
"Element"=hex(7):7b,00,37,00,65,00,61,00,32,00,65,00,31,00,61,00,63,00,2d,00,\
  32,00,65,00,36,00,31,00,2d,00,34,00,37,00,32,00,38,00,2d,00,61,00,61,00,61,\
  00,33,00,2d,00,38,00,39,00,36,00,64,00,39,00,64,00,30,00,61,00,39,00,66,00,\
  30,00,65,00,7d,00,00,00,7b,00,37,00,66,00,66,00,36,00,30,00,37,00,65,00,30,\
  00,2d,00,34,00,33,00,39,00,35,00,2d,00,31,00,31,00,64,00,62,00,2d,00,62,00,\
  30,00,64,00,65,00,2d,00,30,00,38,00,30,00,30,00,32,00,30,00,30,00,63,00,39,\
  00,61,00,36,00,36,00,7d,00,00,00,00,00

[.\Objects\{78c83269-97ea-11e7-b955-00155d4ba04b}]

[.\Objects\{78c83269-97ea-11e7-b955-00155d4ba04b}\Description]
"Type"=dword:101fffff
"FirmwareVariable"=hex:01,00,00,00,b5,00,00,00,00,00,00,00,01,00,00,00,1c,00,\
  00,00,34,00,00,00,00,00,00,00,45,00,46,00,49,00,20,00,4e,00,65,00,74,00,77,\
  00,6f,00,72,00,6b,00,00,00,01,00,00,00,81,00,00,00,04,00,00,00,02,02,18,00,\
  00,00,00,00,00,00,00,00,00,00,00,00,56,4d,42,75,73,00,00,00,01,04,34,00,a2,\
  e5,17,9b,91,08,dd,42,b6,53,80,b5,c2,28,09,ba,63,51,61,f8,3e,df,c5,46,91,3f,\
  f2,d2,f9,65,ed,0e,4c,11,b6,a1,3a,7f,b4,4b,a8,df,6c,7b,f6,75,f4,8d,03,0b,25,\
  00,00,00,00,00,00,00,00,00,00,00,00,00,00,00,00,00,00,00,00,00,00,00,00,00,\
  00,00,00,00,00,00,00,00,00,7f,ff,04,00

[.\Objects\{78c83269-97ea-11e7-b955-00155d4ba04b}\Elements]

[.\Objects\{78c83269-97ea-11e7-b955-00155d4ba04b}\Elements\12000004]
"Element"="EFI Network"

[.\Objects\{78c8326a-97ea-11e7-b955-00155d4ba04b}]

[.\Objects\{78c8326a-97ea-11e7-b955-00155d4ba04b}\Description]
"Type"=dword:101fffff
"FirmwareVariable"=hex:01,00,00,00,a0,00,00,00,01,00,00,00,01,00,00,00,1c,00,\
  00,00,3c,00,00,00,00,00,00,00,45,00,46,00,49,00,20,00,53,00,43,00,53,00,49,\
  00,20,00,44,00,65,00,76,00,69,00,63,00,65,00,00,00,01,00,00,00,64,00,00,00,\
  04,00,00,00,02,02,18,00,00,00,00,00,00,00,00,00,00,00,00,00,56,4d,42,75,73,\
  00,00,00,01,04,34,00,a2,e5,17,9b,91,08,dd,42,b6,53,80,b5,c2,28,09,ba,d9,63,\
  61,ba,a1,04,29,4d,b6,05,72,e2,ff,b1,dc,7f,f3,8c,25,6d,cb,88,86,48,8a,ae,91,\
  37,b3,73,32,a6,03,02,08,00,00,00,00,00,7f,ff,04,00

[.\Objects\{78c8326a-97ea-11e7-b955-00155d4ba04b}\Elements]

[.\Objects\{78c8326a-97ea-11e7-b955-00155d4ba04b}\Elements\12000004]
"Element"="EFI SCSI Device"

[.\Objects\{78c8326b-97ea-11e7-b955-00155d4ba04b}]

[.\Objects\{78c8326b-97ea-11e7-b955-00155d4ba04b}\Description]
"Type"=dword:101fffff
"FirmwareVariable"=hex:01,00,00,00,a0,00,00,00,02,00,00,00,01,00,00,00,1c,00,\
  00,00,3c,00,00,00,00,00,00,00,45,00,46,00,49,00,20,00,53,00,43,00,53,00,49,\
  00,20,00,44,00,65,00,76,00,69,00,63,00,65,00,00,00,01,00,00,00,64,00,00,00,\
  04,00,00,00,02,02,18,00,00,00,00,00,00,00,00,00,00,00,00,00,56,4d,42,75,73,\
  00,00,00,01,04,34,00,a2,e5,17,9b,91,08,dd,42,b6,53,80,b5,c2,28,09,ba,d9,63,\
  61,ba,a1,04,29,4d,b6,05,72,e2,ff,b1,dc,7f,f3,8c,25,6d,cb,88,86,48,8a,ae,91,\
  37,b3,73,32,a6,03,02,08,00,00,00,01,00,7f,ff,04,00

[.\Objects\{78c8326b-97ea-11e7-b955-00155d4ba04b}\Elements]

[.\Objects\{78c8326b-97ea-11e7-b955-00155d4ba04b}\Elements\12000004]
"Element"="EFI SCSI Device"

[.\Objects\{78c8326c-97ea-11e7-b955-00155d4ba04b}]

[.\Objects\{78c8326c-97ea-11e7-b955-00155d4ba04b}\Description]
"Type"=dword:10200004

[.\Objects\{78c8326c-97ea-11e7-b955-00155d4ba04b}\Elements]

[.\Objects\{78c8326c-97ea-11e7-b955-00155d4ba04b}\Elements\11000001]
"Element"=hex:00,00,00,00,00,00,00,00,00,00,00,00,00,00,00,00,06,00,00,00,00,\
  00,00,00,48,00,00,00,00,00,00,00,WINDOWS_GUID,00,00,00,00,00,00,00,00,DISK_GUID,00,00,00,00,00,00,00,00,00,00,00,00,00,00,00,00

[.\Objects\{78c8326c-97ea-11e7-b955-00155d4ba04b}\Elements\12000002]
"Element"="\\Windows\\system32\\winresume.efi"

[.\Objects\{78c8326c-97ea-11e7-b955-00155d4ba04b}\Elements\12000004]
"Element"="Windows Resume Application"

[.\Objects\{78c8326c-97ea-11e7-b955-00155d4ba04b}\Elements\12000005]
"Element"="en-US"

[.\Objects\{78c8326c-97ea-11e7-b955-00155d4ba04b}\Elements\14000006]
"Element"=hex(7):7b,00,31,00,61,00,66,00,61,00,39,00,63,00,34,00,39,00,2d,00,\
  31,00,36,00,61,00,62,00,2d,00,34,00,61,00,35,00,63,00,2d,00,39,00,30,00,31,\
  00,62,00,2d,00,32,00,31,00,32,00,38,00,30,00,32,00,64,00,61,00,39,00,34,00,\
  36,00,30,00,7d,00,00,00,00,00

[.\Objects\{78c8326c-97ea-11e7-b955-00155d4ba04b}\Elements\14000008]
"Element"=hex(7):7b,00,37,00,38,00,63,00,38,00,33,00,32,00,36,00,65,00,2d,00,\
  39,00,37,00,65,00,61,00,2d,00,31,00,31,00,65,00,37,00,2d,00,62,00,39,00,35,\
  00,35,00,2d,00,30,00,30,00,31,00,35,00,35,00,64,00,34,00,62,00,61,00,30,00,\
  34,00,62,00,7d,00,00,00,00,00

[.\Objects\{78c8326c-97ea-11e7-b955-00155d4ba04b}\Elements\16000009]
"Element"=hex:01

[.\Objects\{78c8326c-97ea-11e7-b955-00155d4ba04b}\Elements\16000060]
"Element"=hex:01

[.\Objects\{78c8326c-97ea-11e7-b955-00155d4ba04b}\Elements\17000077]
"Element"=hex:75,00,00,15,00,00,00,00

[.\Objects\{78c8326c-97ea-11e7-b955-00155d4ba04b}\Elements\21000001]
"Element"=hex:00,00,00,00,00,00,00,00,00,00,00,00,00,00,00,00,06,00,00,00,00,\
  00,00,00,48,00,00,00,00,00,00,00,WINDOWS_GUID,00,00,00,00,00,00,00,00,DISK_GUID,00,00,00,00,00,00,00,00,00,00,00,00,00,00,00,00

[.\Objects\{78c8326c-97ea-11e7-b955-00155d4ba04b}\Elements\22000002]
"Element"="\\hiberfil.sys"

[.\Objects\{78c8326c-97ea-11e7-b955-00155d4ba04b}\Elements\25000008]
"Element"=hex:01,00,00,00,00,00,00,00

[.\Objects\{78c8326c-97ea-11e7-b955-00155d4ba04b}\Elements\26000006]
"Element"=hex:00

[.\Objects\{78c8326d-97ea-11e7-b955-00155d4ba04b}]

[.\Objects\{78c8326d-97ea-11e7-b955-00155d4ba04b}\Description]
"Type"=dword:10200003

[.\Objects\{78c8326d-97ea-11e7-b955-00155d4ba04b}\Elements]

[.\Objects\{78c8326d-97ea-11e7-b955-00155d4ba04b}\Elements\11000001]
"Element"=hex:00,00,00,00,00,00,00,00,00,00,00,00,00,00,00,00,06,00,00,00,00,\
  00,00,00,48,00,00,00,00,00,00,00,WINDOWS_GUID,00,00,00,00,00,00,00,00,DISK_GUID,00,00,00,00,00,00,00,00,00,00,00,00,00,00,00,00

[.\Objects\{78c8326d-97ea-11e7-b955-00155d4ba04b}\Elements\12000002]
"Element"="\\Windows\\system32\\winload.efi"

[.\Objects\{78c8326d-97ea-11e7-b955-00155d4ba04b}\Elements\12000004]
"Element"="Windows"

[.\Objects\{78c8326d-97ea-11e7-b955-00155d4ba04b}\Elements\12000005]
"Element"="en-US"

[.\Objects\{78c8326d-97ea-11e7-b955-00155d4ba04b}\Elements\14000006]
"Element"=hex(7):7b,00,36,00,65,00,66,00,62,00,35,00,32,00,62,00,66,00,2d,00,\
  31,00,37,00,36,00,36,00,2d,00,34,00,31,00,64,00,62,00,2d,00,61,00,36,00,62,\
  00,33,00,2d,00,30,00,65,00,65,00,35,00,65,00,66,00,66,00,37,00,32,00,62,00,\
  64,00,37,00,7d,00,00,00,00,00

[.\Objects\{78c8326d-97ea-11e7-b955-00155d4ba04b}\Elements\14000008]
"Element"=hex(7):7b,00,37,00,38,00,63,00,38,00,33,00,32,00,36,00,65,00,2d,00,\
  39,00,37,00,65,00,61,00,2d,00,31,00,31,00,65,00,37,00,2d,00,62,00,39,00,35,\
  00,35,00,2d,00,30,00,30,00,31,00,35,00,35,00,64,00,34,00,62,00,61,00,30,00,\
  34,00,62,00,7d,00,00,00,00,00

[.\Objects\{78c8326d-97ea-11e7-b955-00155d4ba04b}\Elements\15000066]
"Element"=hex:03,00,00,00,00,00,00,00

[.\Objects\{78c8326d-97ea-11e7-b955-00155d4ba04b}\Elements\16000009]
"Element"=hex:01

[.\Objects\{78c8326d-97ea-11e7-b955-00155d4ba04b}\Elements\16000060]
"Element"=hex:01

[.\Objects\{78c8326d-97ea-11e7-b955-00155d4ba04b}\Elements\17000077]
"Element"=hex:75,00,00,15,00,00,00,00

[.\Objects\{78c8326d-97ea-11e7-b955-00155d4ba04b}\Elements\21000001]
"Element"=hex:00,00,00,00,00,00,00,00,00,00,00,00,00,00,00,00,06,00,00,00,00,\
  00,00,00,48,00,00,00,00,00,00,00,WINDOWS_GUID,00,00,00,00,00,00,00,00,DISK_GUID,00,00,00,00,00,00,00,00,00,00,00,00,00,00,00,00

[.\Objects\{78c8326d-97ea-11e7-b955-00155d4ba04b}\Elements\22000002]
"Element"="\\Windows"

[.\Objects\{78c8326d-97ea-11e7-b955-00155d4ba04b}\Elements\23000003]
"Element"="{78c8326c-97ea-11e7-b955-00155d4ba04b}"

[.\Objects\{78c8326d-97ea-11e7-b955-00155d4ba04b}\Elements\25000020]
"Element"=hex:00,00,00,00,00,00,00,00

[.\Objects\{78c8326d-97ea-11e7-b955-00155d4ba04b}\Elements\250000c2]
"Element"=hex:01,00,00,00,00,00,00,00

[.\Objects\{78c8326e-97ea-11e7-b955-00155d4ba04b}]

[.\Objects\{78c8326e-97ea-11e7-b955-00155d4ba04b}\Description]
"Type"=dword:10200003

[.\Objects\{78c8326e-97ea-11e7-b955-00155d4ba04b}\Elements]

[.\Objects\{78c8326e-97ea-11e7-b955-00155d4ba04b}\Elements\11000001]
"Element"=hex:6f,32,c8,78,ea,97,e7,11,b9,55,00,15,5d,4b,a0,4b,00,00,00,00,01,\
  00,00,00,b8,00,00,00,00,00,00,00,03,00,00,00,00,00,00,00,00,00,00,00,00,00,\
  00,00,00,00,00,00,00,00,00,00,01,00,00,00,90,00,00,00,05,00,00,00,06,00,00,\
  00,00,00,00,00,48,00,00,00,00,00,00,00,RECOVERY_GUID,00,00,00,00,00,00,00,00,DISK_GUID,00,00,00,00,00,00,00,00,00,00,00,00,00,00,00,00,5c,00,52,00,65,00,\
  63,00,6f,00,76,00,65,00,72,00,79,00,5c,00,57,00,69,00,6e,00,64,00,6f,00,77,\
  00,73,00,52,00,45,00,5c,00,57,00,69,00,6e,00,72,00,65,00,2e,00,77,00,69,00,\
  6d,00,00,00

[.\Objects\{78c8326e-97ea-11e7-b955-00155d4ba04b}\Elements\12000002]
"Element"="\\windows\\system32\\winload.efi"

[.\Objects\{78c8326e-97ea-11e7-b955-00155d4ba04b}\Elements\12000004]
"Element"="Windows Recovery Environment"

[.\Objects\{78c8326e-97ea-11e7-b955-00155d4ba04b}\Elements\12000005]
"Element"="en-us"

[.\Objects\{78c8326e-97ea-11e7-b955-00155d4ba04b}\Elements\14000006]
"Element"=hex(7):7b,00,36,00,65,00,66,00,62,00,35,00,32,00,62,00,66,00,2d,00,\
  31,00,37,00,36,00,36,00,2d,00,34,00,31,00,64,00,62,00,2d,00,61,00,36,00,62,\
  00,33,00,2d,00,30,00,65,00,65,00,35,00,65,00,66,00,66,00,37,00,32,00,62,00,\
  64,00,37,00,7d,00,00,00,00,00

[.\Objects\{78c8326e-97ea-11e7-b955-00155d4ba04b}\Elements\15000065]
"Element"=hex:03,00,00,00,00,00,00,00

[.\Objects\{78c8326e-97ea-11e7-b955-00155d4ba04b}\Elements\21000001]
"Element"=hex:6f,32,c8,78,ea,97,e7,11,b9,55,00,15,5d,4b,a0,4b,00,00,00,00,01,\
  00,00,00,b8,00,00,00,00,00,00,00,03,00,00,00,00,00,00,00,00,00,00,00,00,00,\
  00,00,00,00,00,00,00,00,00,00,01,00,00,00,90,00,00,00,05,00,00,00,06,00,00,\
  00,00,00,00,00,48,00,00,00,00,00,00,00,RECOVERY_GUID,00,00,00,00,00,00,00,00,DISK_GUID,00,00,00,00,00,00,00,00,00,00,00,00,00,00,00,00,5c,00,52,00,65,00,\
  63,00,6f,00,76,00,65,00,72,00,79,00,5c,00,57,00,69,00,6e,00,64,00,6f,00,77,\
  00,73,00,52,00,45,00,5c,00,57,00,69,00,6e,00,72,00,65,00,2e,00,77,00,69,00,\
  6d,00,00,00

[.\Objects\{78c8326e-97ea-11e7-b955-00155d4ba04b}\Elements\22000002]
"Element"="\\windows"

[.\Objects\{78c8326e-97ea-11e7-b955-00155d4ba04b}\Elements\25000020]
"Element"=hex:00,00,00,00,00,00,00,00

[.\Objects\{78c8326e-97ea-11e7-b955-00155d4ba04b}\Elements\250000c2]
"Element"=hex:01,00,00,00,00,00,00,00

[.\Objects\{78c8326e-97ea-11e7-b955-00155d4ba04b}\Elements\26000022]
"Element"=hex:01

[.\Objects\{78c8326e-97ea-11e7-b955-00155d4ba04b}\Elements\46000010]
"Element"=hex:01

[.\Objects\{78c8326f-97ea-11e7-b955-00155d4ba04b}]

[.\Objects\{78c8326f-97ea-11e7-b955-00155d4ba04b}\Description]
"Type"=dword:30000000

[.\Objects\{78c8326f-97ea-11e7-b955-00155d4ba04b}\Elements]

[.\Objects\{78c8326f-97ea-11e7-b955-00155d4ba04b}\Elements\12000004]
"Element"="Windows Recovery"

[.\Objects\{78c8326f-97ea-11e7-b955-00155d4ba04b}\Elements\31000003]
"Element"=hex:00,00,00,00,00,00,00,00,00,00,00,00,00,00,00,00,06,00,00,00,00,\
  00,00,00,48,00,00,00,00,00,00,00,RECOVERY_GUID,00,00,00,00,00,00,00,00,DISK_GUID,00,00,00,00,00,00,00,00,00,00,00,00,00,00,00,00

[.\Objects\{78c8326f-97ea-11e7-b955-00155d4ba04b}\Elements\32000004]
"Element"="\\Recovery\\WindowsRE\\boot.sdi"

[.\Objects\{7ea2e1ac-2e61-4728-aaa3-896d9d0a9f0e}]

[.\Objects\{7ea2e1ac-2e61-4728-aaa3-896d9d0a9f0e}\Description]
"Type"=dword:20100000

[.\Objects\{7ea2e1ac-2e61-4728-aaa3-896d9d0a9f0e}\Elements]

[.\Objects\{7ea2e1ac-2e61-4728-aaa3-896d9d0a9f0e}\Elements\14000006]
"Element"=hex(7):7b,00,34,00,36,00,33,00,36,00,38,00,35,00,36,00,65,00,2d,00,\
  35,00,34,00,30,00,66,00,2d,00,34,00,31,00,37,00,30,00,2d,00,61,00,31,00,33,\
  00,30,00,2d,00,61,00,38,00,34,00,37,00,37,00,36,00,66,00,34,00,63,00,36,00,\
  35,00,34,00,7d,00,00,00,7b,00,30,00,63,00,65,00,34,00,39,00,39,00,31,00,62,\
  00,2d,00,65,00,36,00,62,00,33,00,2d,00,34,00,62,00,31,00,36,00,2d,00,62,00,\
  32,00,33,00,63,00,2d,00,35,00,65,00,30,00,64,00,39,00,32,00,35,00,30,00,65,\
  00,35,00,64,00,39,00,7d,00,00,00,7b,00,35,00,31,00,38,00,39,00,62,00,32,00,\
  35,00,63,00,2d,00,35,00,35,00,35,00,38,00,2d,00,34,00,62,00,66,00,32,00,2d,\
  00,62,00,63,00,61,00,34,00,2d,00,32,00,38,00,39,00,62,00,31,00,31,00,62,00,\
  64,00,32,00,39,00,65,00,32,00,7d,00,00,00,00,00

[.\Objects\{7ff607e0-4395-11db-b0de-0800200c9a66}]

[.\Objects\{7ff607e0-4395-11db-b0de-0800200c9a66}\Description]
"Type"=dword:20200003

[.\Objects\{7ff607e0-4395-11db-b0de-0800200c9a66}\Elements]

[.\Objects\{7ff607e0-4395-11db-b0de-0800200c9a66}\Elements\250000f3]
"Element"=hex:00,00,00,00,00,00,00,00

[.\Objects\{7ff607e0-4395-11db-b0de-0800200c9a66}\Elements\250000f4]
"Element"=hex:01,00,00,00,00,00,00,00

[.\Objects\{7ff607e0-4395-11db-b0de-0800200c9a66}\Elements\250000f5]
"Element"=hex:00,c2,01,00,00,00,00,00

[.\Objects\{9dea862c-5cdd-4e70-acc1-f32b344d4795}]

[.\Objects\{9dea862c-5cdd-4e70-acc1-f32b344d4795}\Description]
"Type"=dword:10100002
"FirmwareVariable"=hex:01,00,00,00,50,01,00,00,03,00,00,00,05,00,00,00,a4,00,\
  00,00,d0,00,00,00,88,00,00,00,57,49,4e,44,4f,57,53,00,01,00,00,00,88,00,00,\
  00,78,00,00,00,42,00,43,00,44,00,4f,00,42,00,4a,00,45,00,43,00,54,00,3d,00,\
  7b,00,39,00,64,00,65,00,61,00,38,00,36,00,32,00,63,00,2d,00,35,00,63,00,64,\
  00,64,00,2d,00,34,00,65,00,37,00,30,00,2d,00,61,00,63,00,63,00,31,00,2d,00,\
  66,00,33,00,32,00,62,00,33,00,34,00,34,00,64,00,34,00,37,00,39,00,35,00,7d,\
  00,00,00,64,00,01,00,00,00,10,00,00,00,04,00,00,00,7f,ff,04,00,57,00,69,00,\
  6e,00,64,00,6f,00,77,00,73,00,20,00,42,00,6f,00,6f,00,74,00,20,00,4d,00,61,\
  00,6e,00,61,00,67,00,65,00,72,00,00,00,00,00,01,00,00,00,80,00,00,00,04,00,\
  00,00,04,01,2a,00,02,00,00,00,00,18,0e,00,00,00,00,00,00,18,03,00,00,00,00,\
  00,fa,6d,8b,71,4d,f3,77,45,bf,bc,f9,73,34,48,8d,aa,02,02,04,04,46,00,5c,00,\
  45,00,46,00,49,00,5c,00,4d,00,69,00,63,00,72,00,6f,00,73,00,6f,00,66,00,74,\
  00,5c,00,42,00,6f,00,6f,00,74,00,5c,00,62,00,6f,00,6f,00,74,00,6d,00,67,00,\
  66,00,77,00,2e,00,65,00,66,00,69,00,00,00,7f,ff,04,00

[.\Objects\{9dea862c-5cdd-4e70-acc1-f32b344d4795}\Elements]

[.\Objects\{9dea862c-5cdd-4e70-acc1-f32b344d4795}\Elements\11000001]
"Element"=hex:00,00,00,00,00,00,00,00,00,00,00,00,00,00,00,00,06,00,00,00,00,\
  00,00,00,48,00,00,00,00,00,00,00,EFI_GUID,00,00,00,00,00,00,00,00,DISK_GUID,00,00,00,00,00,00,00,00,00,00,00,00,00,00,00,00

[.\Objects\{9dea862c-5cdd-4e70-acc1-f32b344d4795}\Elements\12000002]
"Element"="\\EFI\\Microsoft\\Boot\\bootmgfw.efi"

[.\Objects\{9dea862c-5cdd-4e70-acc1-f32b344d4795}\Elements\12000004]
"Element"="Windows Boot Manager"

[.\Objects\{9dea862c-5cdd-4e70-acc1-f32b344d4795}\Elements\12000005]
"Element"="en-US"

[.\Objects\{9dea862c-5cdd-4e70-acc1-f32b344d4795}\Elements\14000006]
"Element"=hex(7):7b,00,37,00,65,00,61,00,32,00,65,00,31,00,61,00,63,00,2d,00,\
  32,00,65,00,36,00,31,00,2d,00,34,00,37,00,32,00,38,00,2d,00,61,00,61,00,61,\
  00,33,00,2d,00,38,00,39,00,36,00,64,00,39,00,64,00,30,00,61,00,39,00,66,00,\
  30,00,65,00,7d,00,00,00,00,00

[.\Objects\{9dea862c-5cdd-4e70-acc1-f32b344d4795}\Elements\23000003]
"Element"="{78c8326d-97ea-11e7-b955-00155d4ba04b}"

[.\Objects\{9dea862c-5cdd-4e70-acc1-f32b344d4795}\Elements\23000006]
"Element"="{78c8326c-97ea-11e7-b955-00155d4ba04b}"

[.\Objects\{9dea862c-5cdd-4e70-acc1-f32b344d4795}\Elements\24000001]
"Element"=hex(7):7b,00,37,00,38,00,63,00,38,00,33,00,32,00,36,00,64,00,2d,00,\
  39,00,37,00,65,00,61,00,2d,00,31,00,31,00,65,00,37,00,2d,00,62,00,39,00,35,\
  00,35,00,2d,00,30,00,30,00,31,00,35,00,35,00,64,00,34,00,62,00,61,00,30,00,\
  34,00,62,00,7d,00,00,00,00,00

[.\Objects\{9dea862c-5cdd-4e70-acc1-f32b344d4795}\Elements\24000010]
"Element"=hex(7):7b,00,62,00,32,00,37,00,32,00,31,00,64,00,37,00,33,00,2d,00,\
  31,00,64,00,62,00,34,00,2d,00,34,00,63,00,36,00,32,00,2d,00,62,00,66,00,37,\
  00,38,00,2d,00,63,00,35,00,34,00,38,00,61,00,38,00,38,00,30,00,31,00,34,00,\
  32,00,64,00,7d,00,00,00,00,00

[.\Objects\{9dea862c-5cdd-4e70-acc1-f32b344d4795}\Elements\25000004]
"Element"=hex:1e,00,00,00,00,00,00,00

[.\Objects\{a5a30fa2-3d06-4e9f-b5f4-a01df9d1fcba}]

[.\Objects\{a5a30fa2-3d06-4e9f-b5f4-a01df9d1fcba}\Description]
"Type"=dword:10100001

[.\Objects\{a5a30fa2-3d06-4e9f-b5f4-a01df9d1fcba}\Elements]

[.\Objects\{a5a30fa2-3d06-4e9f-b5f4-a01df9d1fcba}\Elements\24000001]
"Element"=hex(7):7b,00,39,00,64,00,65,00,61,00,38,00,36,00,32,00,63,00,2d,00,\
  35,00,63,00,64,00,64,00,2d,00,34,00,65,00,37,00,30,00,2d,00,61,00,63,00,63,\
  00,31,00,2d,00,66,00,33,00,32,00,62,00,33,00,34,00,34,00,64,00,34,00,37,00,\
  39,00,35,00,7d,00,00,00,7b,00,37,00,38,00,63,00,38,00,33,00,32,00,36,00,62,\
  00,2d,00,39,00,37,00,65,00,61,00,2d,00,31,00,31,00,65,00,37,00,2d,00,62,00,\
  39,00,35,00,35,00,2d,00,30,00,30,00,31,00,35,00,35,00,64,00,34,00,62,00,61,\
  00,30,00,34,00,62,00,7d,00,00,00,7b,00,37,00,38,00,63,00,38,00,33,00,32,00,\
  36,00,39,00,2d,00,39,00,37,00,65,00,61,00,2d,00,31,00,31,00,65,00,37,00,2d,\
  00,62,00,39,00,35,00,35,00,2d,00,30,00,30,00,31,00,35,00,35,00,64,00,34,00,\
  62,00,61,00,30,00,34,00,62,00,7d,00,00,00,7b,00,37,00,38,00,63,00,38,00,33,\
  00,32,00,36,00,61,00,2d,00,39,00,37,00,65,00,61,00,2d,00,31,00,31,00,65,00,\
  37,00,2d,00,62,00,39,00,35,00,35,00,2d,00,30,00,30,00,31,00,35,00,35,00,64,\
  00,34,00,62,00,61,00,30,00,34,00,62,00,7d,00,00,00,00,00

[.\Objects\{a5a30fa2-3d06-4e9f-b5f4-a01df9d1fcba}\Elements\25000004]
"Element"=hex:02,00,00,00,00,00,00,00

[.\Objects\{b2721d73-1db4-4c62-bf78-c548a880142d}]

[.\Objects\{b2721d73-1db4-4c62-bf78-c548a880142d}\Description]
"Type"=dword:10200005

[.\Objects\{b2721d73-1db4-4c62-bf78-c548a880142d}\Elements]

[.\Objects\{b2721d73-1db4-4c62-bf78-c548a880142d}\Elements\11000001]
"Element"=hex:00,00,00,00,00,00,00,00,00,00,00,00,00,00,00,00,06,00,00,00,00,\
  00,00,00,48,00,00,00,00,00,00,00,EFI_GUID,00,00,00,00,00,00,00,00,DISK_GUID,00,00,00,00,00,00,00,00,00,00,00,00,00,00,00,00

[.\Objects\{b2721d73-1db4-4c62-bf78-c548a880142d}\Elements\12000002]
"Element"="\\EFI\\Microsoft\\Boot\\memtest.efi"

[.\Objects\{b2721d73-1db4-4c62-bf78-c548a880142d}\Elements\12000004]
"Element"="Windows Memory Diagnostic"

[.\Objects\{b2721d73-1db4-4c62-bf78-c548a880142d}\Elements\12000005]
"Element"="en-US"

[.\Objects\{b2721d73-1db4-4c62-bf78-c548a880142d}\Elements\14000006]
"Element"=hex(7):7b,00,37,00,65,00,61,00,32,00,65,00,31,00,61,00,63,00,2d,00,\
  32,00,65,00,36,00,31,00,2d,00,34,00,37,00,32,00,38,00,2d,00,61,00,61,00,61,\
  00,33,00,2d,00,38,00,39,00,36,00,64,00,39,00,64,00,30,00,61,00,39,00,66,00,\
  30,00,65,00,7d,00,00,00,00,00

[.\Objects\{b2721d73-1db4-4c62-bf78-c548a880142d}\Elements\1600000b]
"Element"=hex:01

